{
 "cells": [
  {
   "cell_type": "markdown",
   "metadata": {},
   "source": [
    "# Цепи Маркова"
   ]
  },
  {
   "cell_type": "markdown",
   "metadata": {},
   "source": [
    "## Цепи с дискретным временем"
   ]
  },
  {
   "cell_type": "code",
   "execution_count": 10,
   "metadata": {},
   "outputs": [],
   "source": [
    "import numpy as np\n",
    "import pprint\n",
    "import random\n",
    "from scipy.linalg import expm\n",
    "np.set_printoptions(precision=5)\n",
    "pp = pprint.PrettyPrinter(indent=4)"
   ]
  },
  {
   "cell_type": "markdown",
   "metadata": {},
   "source": [
    "### 1."
   ]
  },
  {
   "cell_type": "code",
   "execution_count": 11,
   "metadata": {},
   "outputs": [],
   "source": [
    "P = np.array([[0.1, 0.7, 0.1, 0.1],\n",
    "             [0, 0, 1, 0],\n",
    "             [0, 0.8, 0, 0.2],\n",
    "             [0.1, 0.1, 0.7, 0.1]])\n",
    "P2 = P"
   ]
  },
  {
   "cell_type": "markdown",
   "metadata": {},
   "source": [
    "### 2."
   ]
  },
  {
   "cell_type": "code",
   "execution_count": 19,
   "metadata": {},
   "outputs": [
    {
     "name": "stdout",
     "output_type": "stream",
     "text": [
      "array([[1., 0., 0., 0.],\n",
      "       [0., 1., 0., 0.],\n",
      "       [0., 0., 1., 0.],\n",
      "       [0., 0., 0., 1.]])\n",
      "..................................................\n",
      "array([[0.     , 0.36364, 0.63636, 0.     ],\n",
      "       [0.66667, 0.     , 0.11111, 0.22222],\n",
      "       [0.38095, 0.42857, 0.     , 0.19048],\n",
      "       [0.     , 0.25   , 0.75   , 0.     ]])\n",
      "..................................................\n",
      "array([[0.48485, 0.27273, 0.0404 , 0.20202],\n",
      "       [0.04233, 0.3456 , 0.59091, 0.02116],\n",
      "       [0.28571, 0.18615, 0.4329 , 0.09524],\n",
      "       [0.45238, 0.32143, 0.02778, 0.19841]])\n",
      "..................................................\n",
      "array([[0.19721, 0.24413, 0.49036, 0.0683 ],\n",
      "       [0.45551, 0.27393, 0.08121, 0.18935],\n",
      "       [0.28901, 0.31323, 0.27393, 0.12382],\n",
      "       [0.22487, 0.22601, 0.4724 , 0.07672]])\n",
      "..................................................\n",
      "array([[0.34956, 0.29894, 0.20385, 0.14765],\n",
      "       [0.21356, 0.24778, 0.46232, 0.07634],\n",
      "       [0.31318, 0.25345, 0.31159, 0.12178],\n",
      "       [0.33064, 0.30341, 0.22575, 0.14021]])\n",
      "..................................................\n",
      "array([[0.27695, 0.25139, 0.3664 , 0.10526],\n",
      "       [0.34131, 0.29488, 0.22069, 0.14312],\n",
      "       [0.28767, 0.27787, 0.31879, 0.11567],\n",
      "       [0.28827, 0.25203, 0.34927, 0.11042]])\n",
      "..................................................\n",
      "array([[0.30717, 0.28405, 0.28312, 0.12565],\n",
      "       [0.28066, 0.25447, 0.3573 , 0.10756],\n",
      "       [0.30669, 0.27015, 0.30069, 0.12247],\n",
      "       [0.30108, 0.28212, 0.29427, 0.12254]])\n",
      "..................................................\n",
      "array([[0.29722, 0.26445, 0.32128, 0.11705],\n",
      "       [0.30576, 0.28208, 0.28755, 0.12461],\n",
      "       [0.29465, 0.27101, 0.31704, 0.11731],\n",
      "       [0.30018, 0.26623, 0.31484, 0.11874]])\n",
      "..................................................\n",
      "array([[0.29869, 0.27503, 0.30631, 0.11996],\n",
      "       [0.29759, 0.26557, 0.31938, 0.11746],\n",
      "       [0.30145, 0.27234, 0.3056 , 0.12061],\n",
      "       [0.29743, 0.27378, 0.30966, 0.11913]])\n",
      "..................................................\n",
      "array([[0.30005, 0.26988, 0.31061, 0.11946],\n",
      "       [0.29872, 0.27446, 0.30698, 0.11985],\n",
      "       [0.29798, 0.27074, 0.31255, 0.11873],\n",
      "       [0.30048, 0.27065, 0.30904, 0.11982]])\n",
      "..................................................\n",
      "array([[0.29825, 0.27209, 0.31052, 0.11914],\n",
      "       [0.29991, 0.27015, 0.31047, 0.11946],\n",
      "       [0.29956, 0.27199, 0.30875, 0.1197 ],\n",
      "       [0.29816, 0.27167, 0.31116, 0.11901]])\n",
      "..................................................\n",
      "array([[0.29969, 0.27132, 0.30938, 0.11961],\n",
      "       [0.29838, 0.27199, 0.31047, 0.11917],\n",
      "       [0.29895, 0.27118, 0.31062, 0.11925],\n",
      "       [0.29965, 0.27153, 0.30918, 0.11964]])\n",
      "..................................................\n",
      "array([[0.29874, 0.27147, 0.31057, 0.11922],\n",
      "       [0.2996 , 0.27135, 0.30947, 0.11958],\n",
      "       [0.29912, 0.27165, 0.30981, 0.11943],\n",
      "       [0.2988 , 0.27138, 0.31058, 0.11923]])\n",
      "..................................................\n",
      "array([[0.29929, 0.27154, 0.30969, 0.11948],\n",
      "       [0.2988 , 0.27147, 0.31049, 0.11925],\n",
      "       [0.29912, 0.2714 , 0.3101 , 0.11938],\n",
      "       [0.29924, 0.27157, 0.30972, 0.11947]])\n",
      "..................................................\n",
      "array([[0.299  , 0.27143, 0.31024, 0.11933],\n",
      "       [0.29926, 0.27153, 0.30974, 0.11947],\n",
      "       [0.29907, 0.27152, 0.31004, 0.11938],\n",
      "       [0.29904, 0.27142, 0.3102 , 0.11934]])\n",
      "..................................................\n",
      "array([[0.29914, 0.27152, 0.30993, 0.11941],\n",
      "       [0.29902, 0.27144, 0.31021, 0.11934],\n",
      "       [0.29912, 0.27147, 0.31002, 0.11939],\n",
      "       [0.29912, 0.27152, 0.30996, 0.1194 ]])\n",
      "..................................................\n",
      "array([[0.29908, 0.27146, 0.31009, 0.11937],\n",
      "       [0.29913, 0.27151, 0.30995, 0.11941],\n",
      "       [0.29908, 0.27148, 0.31006, 0.11938],\n",
      "       [0.29909, 0.27146, 0.31007, 0.11938]])\n",
      "..................................................\n",
      "array([[0.2991 , 0.2715 , 0.31002, 0.11939],\n",
      "       [0.29908, 0.27146, 0.31008, 0.11937],\n",
      "       [0.29911, 0.27148, 0.31002, 0.11939],\n",
      "       [0.29909, 0.27149, 0.31003, 0.11939]])\n",
      "..................................................\n",
      "array([[0.2991 , 0.27147, 0.31004, 0.11938],\n",
      "       [0.2991 , 0.27149, 0.31002, 0.11939],\n",
      "       [0.29909, 0.27148, 0.31005, 0.11938],\n",
      "       [0.2991 , 0.27148, 0.31004, 0.11938]])\n",
      "..................................................\n",
      "array([[0.2991 , 0.27148, 0.31004, 0.11938],\n",
      "       [0.2991 , 0.27148, 0.31004, 0.11938],\n",
      "       [0.2991 , 0.27148, 0.31003, 0.11939],\n",
      "       [0.29909, 0.27148, 0.31004, 0.11938]])\n",
      "..................................................\n",
      "array([[0.2991 , 0.27148, 0.31004, 0.11938],\n",
      "       [0.2991 , 0.27148, 0.31004, 0.11938],\n",
      "       [0.2991 , 0.27148, 0.31004, 0.11938],\n",
      "       [0.2991 , 0.27148, 0.31003, 0.11938]])\n",
      "..................................................\n",
      "array([[0.2991 , 0.27148, 0.31004, 0.11938],\n",
      "       [0.2991 , 0.27148, 0.31004, 0.11938],\n",
      "       [0.2991 , 0.27148, 0.31004, 0.11938],\n",
      "       [0.2991 , 0.27148, 0.31004, 0.11938]])\n",
      "..................................................\n",
      "array([[0.2991 , 0.27148, 0.31004, 0.11938],\n",
      "       [0.2991 , 0.27148, 0.31004, 0.11938],\n",
      "       [0.2991 , 0.27148, 0.31004, 0.11938],\n",
      "       [0.2991 , 0.27148, 0.31004, 0.11938]])\n",
      "..................................................\n",
      "array([[0.2991 , 0.27148, 0.31004, 0.11938],\n",
      "       [0.2991 , 0.27148, 0.31004, 0.11938],\n",
      "       [0.2991 , 0.27148, 0.31004, 0.11938],\n",
      "       [0.2991 , 0.27148, 0.31004, 0.11938]])\n",
      "..................................................\n",
      "array([[0.2991 , 0.27148, 0.31004, 0.11938],\n",
      "       [0.2991 , 0.27148, 0.31004, 0.11938],\n",
      "       [0.2991 , 0.27148, 0.31004, 0.11938],\n",
      "       [0.2991 , 0.27148, 0.31004, 0.11938]])\n",
      "..................................................\n",
      "array([[0.2991 , 0.27148, 0.31004, 0.11938],\n",
      "       [0.2991 , 0.27148, 0.31004, 0.11938],\n",
      "       [0.2991 , 0.27148, 0.31004, 0.11938],\n",
      "       [0.2991 , 0.27148, 0.31004, 0.11938]])\n",
      "..................................................\n",
      "array([[0.2991 , 0.27148, 0.31004, 0.11938],\n",
      "       [0.2991 , 0.27148, 0.31004, 0.11938],\n",
      "       [0.2991 , 0.27148, 0.31004, 0.11938],\n",
      "       [0.2991 , 0.27148, 0.31004, 0.11938]])\n",
      "..................................................\n",
      "array([[0.2991 , 0.27148, 0.31004, 0.11938],\n",
      "       [0.2991 , 0.27148, 0.31004, 0.11938],\n",
      "       [0.2991 , 0.27148, 0.31004, 0.11938],\n",
      "       [0.2991 , 0.27148, 0.31004, 0.11938]])\n",
      "..................................................\n",
      "array([[0.2991 , 0.27148, 0.31004, 0.11938],\n",
      "       [0.2991 , 0.27148, 0.31004, 0.11938],\n",
      "       [0.2991 , 0.27148, 0.31004, 0.11938],\n",
      "       [0.2991 , 0.27148, 0.31004, 0.11938]])\n",
      "..................................................\n",
      "array([[0.2991 , 0.27148, 0.31004, 0.11938],\n",
      "       [0.2991 , 0.27148, 0.31004, 0.11938],\n",
      "       [0.2991 , 0.27148, 0.31004, 0.11938],\n",
      "       [0.2991 , 0.27148, 0.31004, 0.11938]])\n",
      "..................................................\n",
      "array([[0.2991 , 0.27148, 0.31004, 0.11938],\n",
      "       [0.2991 , 0.27148, 0.31004, 0.11938],\n",
      "       [0.2991 , 0.27148, 0.31004, 0.11938],\n",
      "       [0.2991 , 0.27148, 0.31004, 0.11938]])\n",
      "..................................................\n",
      "array([[0.2991 , 0.27148, 0.31004, 0.11938],\n",
      "       [0.2991 , 0.27148, 0.31004, 0.11938],\n",
      "       [0.2991 , 0.27148, 0.31004, 0.11938],\n",
      "       [0.2991 , 0.27148, 0.31004, 0.11938]])\n",
      "..................................................\n",
      "array([[0.2991 , 0.27148, 0.31004, 0.11938],\n",
      "       [0.2991 , 0.27148, 0.31004, 0.11938],\n",
      "       [0.2991 , 0.27148, 0.31004, 0.11938],\n",
      "       [0.2991 , 0.27148, 0.31004, 0.11938]])\n",
      "..................................................\n",
      "array([[0.2991 , 0.27148, 0.31004, 0.11938],\n",
      "       [0.2991 , 0.27148, 0.31004, 0.11938],\n",
      "       [0.2991 , 0.27148, 0.31004, 0.11938],\n",
      "       [0.2991 , 0.27148, 0.31004, 0.11938]])\n",
      "..................................................\n",
      "array([[0.2991 , 0.27148, 0.31004, 0.11938],\n",
      "       [0.2991 , 0.27148, 0.31004, 0.11938],\n",
      "       [0.2991 , 0.27148, 0.31004, 0.11938],\n",
      "       [0.2991 , 0.27148, 0.31004, 0.11938]])\n",
      "..................................................\n",
      "array([[0.2991 , 0.27148, 0.31004, 0.11938],\n",
      "       [0.2991 , 0.27148, 0.31004, 0.11938],\n",
      "       [0.2991 , 0.27148, 0.31004, 0.11938],\n",
      "       [0.2991 , 0.27148, 0.31004, 0.11938]])\n",
      "..................................................\n",
      "array([[0.2991 , 0.27148, 0.31004, 0.11938],\n",
      "       [0.2991 , 0.27148, 0.31004, 0.11938],\n",
      "       [0.2991 , 0.27148, 0.31004, 0.11938],\n",
      "       [0.2991 , 0.27148, 0.31004, 0.11938]])\n",
      "..................................................\n",
      "array([[0.2991 , 0.27148, 0.31004, 0.11938],\n",
      "       [0.2991 , 0.27148, 0.31004, 0.11938],\n",
      "       [0.2991 , 0.27148, 0.31004, 0.11938],\n",
      "       [0.2991 , 0.27148, 0.31004, 0.11938]])\n",
      "..................................................\n",
      "array([[0.2991 , 0.27148, 0.31004, 0.11938],\n",
      "       [0.2991 , 0.27148, 0.31004, 0.11938],\n",
      "       [0.2991 , 0.27148, 0.31004, 0.11938],\n",
      "       [0.2991 , 0.27148, 0.31004, 0.11938]])\n",
      "..................................................\n",
      "array([[0.2991 , 0.27148, 0.31004, 0.11938],\n",
      "       [0.2991 , 0.27148, 0.31004, 0.11938],\n",
      "       [0.2991 , 0.27148, 0.31004, 0.11938],\n",
      "       [0.2991 , 0.27148, 0.31004, 0.11938]])\n",
      "..................................................\n",
      "array([[0.2991 , 0.27148, 0.31004, 0.11938],\n",
      "       [0.2991 , 0.27148, 0.31004, 0.11938],\n",
      "       [0.2991 , 0.27148, 0.31004, 0.11938],\n",
      "       [0.2991 , 0.27148, 0.31004, 0.11938]])\n",
      "..................................................\n",
      "array([[0.2991 , 0.27148, 0.31004, 0.11938],\n",
      "       [0.2991 , 0.27148, 0.31004, 0.11938],\n",
      "       [0.2991 , 0.27148, 0.31004, 0.11938],\n",
      "       [0.2991 , 0.27148, 0.31004, 0.11938]])\n",
      "..................................................\n",
      "array([[0.2991 , 0.27148, 0.31004, 0.11938],\n",
      "       [0.2991 , 0.27148, 0.31004, 0.11938],\n",
      "       [0.2991 , 0.27148, 0.31004, 0.11938],\n",
      "       [0.2991 , 0.27148, 0.31004, 0.11938]])\n",
      "..................................................\n",
      "array([[0.2991 , 0.27148, 0.31004, 0.11938],\n",
      "       [0.2991 , 0.27148, 0.31004, 0.11938],\n",
      "       [0.2991 , 0.27148, 0.31004, 0.11938],\n",
      "       [0.2991 , 0.27148, 0.31004, 0.11938]])\n",
      "..................................................\n",
      "array([[0.2991 , 0.27148, 0.31004, 0.11938],\n",
      "       [0.2991 , 0.27148, 0.31004, 0.11938],\n",
      "       [0.2991 , 0.27148, 0.31004, 0.11938],\n",
      "       [0.2991 , 0.27148, 0.31004, 0.11938]])\n",
      "..................................................\n",
      "array([[0.2991 , 0.27148, 0.31004, 0.11938],\n",
      "       [0.2991 , 0.27148, 0.31004, 0.11938],\n",
      "       [0.2991 , 0.27148, 0.31004, 0.11938],\n",
      "       [0.2991 , 0.27148, 0.31004, 0.11938]])\n",
      "..................................................\n",
      "array([[0.2991 , 0.27148, 0.31004, 0.11938],\n",
      "       [0.2991 , 0.27148, 0.31004, 0.11938],\n",
      "       [0.2991 , 0.27148, 0.31004, 0.11938],\n",
      "       [0.2991 , 0.27148, 0.31004, 0.11938]])\n",
      "..................................................\n",
      "array([[0.2991 , 0.27148, 0.31004, 0.11938],\n",
      "       [0.2991 , 0.27148, 0.31004, 0.11938],\n",
      "       [0.2991 , 0.27148, 0.31004, 0.11938],\n",
      "       [0.2991 , 0.27148, 0.31004, 0.11938]])\n",
      "..................................................\n",
      "array([[0.2991 , 0.27148, 0.31004, 0.11938],\n",
      "       [0.2991 , 0.27148, 0.31004, 0.11938],\n",
      "       [0.2991 , 0.27148, 0.31004, 0.11938],\n",
      "       [0.2991 , 0.27148, 0.31004, 0.11938]])\n",
      "..................................................\n",
      "array([[0.2991 , 0.27148, 0.31004, 0.11938],\n",
      "       [0.2991 , 0.27148, 0.31004, 0.11938],\n",
      "       [0.2991 , 0.27148, 0.31004, 0.11938],\n",
      "       [0.2991 , 0.27148, 0.31004, 0.11938]])\n",
      "..................................................\n"
     ]
    }
   ],
   "source": [
    "power = 50\n",
    "for i in range(power):\n",
    "    pp.pprint(np.linalg.matrix_power(P, i))\n",
    "    print(\".\"*50)"
   ]
  },
  {
   "cell_type": "markdown",
   "metadata": {},
   "source": [
    "Предельное распределение найдено"
   ]
  },
  {
   "cell_type": "markdown",
   "metadata": {},
   "source": [
    "## Цепи с непрерывным временем"
   ]
  },
  {
   "cell_type": "markdown",
   "metadata": {},
   "source": [
    "### 1."
   ]
  },
  {
   "cell_type": "code",
   "execution_count": 13,
   "metadata": {},
   "outputs": [],
   "source": [
    "L = np.array([[-4-7, 4, 7, 0],\n",
    "             [6, -6-1-2, 1, 2],\n",
    "             [8, 9, -8-9-4, 4],\n",
    "             [0, 1, 3, -3-1]], dtype=np.float)"
   ]
  },
  {
   "cell_type": "markdown",
   "metadata": {},
   "source": [
    "### 2."
   ]
  },
  {
   "cell_type": "code",
   "execution_count": 14,
   "metadata": {},
   "outputs": [
    {
     "data": {
      "text/plain": [
       "array([[0.26667, 0.29583, 0.14479, 0.29271],\n",
       "       [0.26667, 0.29583, 0.14479, 0.29271],\n",
       "       [0.26667, 0.29583, 0.14479, 0.29271],\n",
       "       [0.26667, 0.29583, 0.14479, 0.29271]])"
      ]
     },
     "execution_count": 14,
     "metadata": {},
     "output_type": "execute_result"
    }
   ],
   "source": [
    "expm(L*10000)"
   ]
  },
  {
   "cell_type": "markdown",
   "metadata": {},
   "source": [
    "Предельное распределение найдено"
   ]
  },
  {
   "cell_type": "markdown",
   "metadata": {},
   "source": [
    "### 3."
   ]
  },
  {
   "cell_type": "code",
   "execution_count": 15,
   "metadata": {},
   "outputs": [],
   "source": [
    "def exp_rand(lmbd, eps):\n",
    "    return -1/lmbd * np.log(random.random()+eps)"
   ]
  },
  {
   "cell_type": "code",
   "execution_count": 16,
   "metadata": {},
   "outputs": [],
   "source": [
    "def get_state(i, P):\n",
    "    p = random.random()\n",
    "    last = 0\n",
    "    ans = i\n",
    "    for j in range(len(P)):\n",
    "        if last <= p <= last+P[i,j]: \n",
    "            ans = j \n",
    "            break\n",
    "        last += P[i,j]\n",
    "    return ans"
   ]
  },
  {
   "cell_type": "code",
   "execution_count": 17,
   "metadata": {},
   "outputs": [],
   "source": [
    "def get_p(i,j):\n",
    "    if i != j:\n",
    "        return L[i,j]/(-L[i,i])\n",
    "    else: return 0"
   ]
  },
  {
   "cell_type": "code",
   "execution_count": 18,
   "metadata": {},
   "outputs": [
    {
     "name": "stdout",
     "output_type": "stream",
     "text": [
      "[[0.      0.36364 0.63636 0.     ]\n",
      " [0.66667 0.      0.11111 0.22222]\n",
      " [0.38095 0.42857 0.      0.19048]\n",
      " [0.      0.25    0.75    0.     ]]\n",
      "\n",
      "State's time:  [2693.484173099102, 2932.2451910685445, 1439.5846678611074, 2934.7437675256665] \n",
      "Summary time:  10000.057799554419\n",
      "\n",
      "Stationary distribution:  [0.26934686049705814, 0.2932228242919955, 0.14395763471739656, 0.29347268049354996]\n"
     ]
    }
   ],
   "source": [
    "eps = 0.0001\n",
    "T_max = 10000\n",
    "P = [[],[],[],[]]\n",
    "for i in range(len(P)):\n",
    "    for j in range(len(P)):\n",
    "        P[i].append(get_p(i,j))\n",
    "P = np.array(P)\n",
    "print(P)\n",
    "cur_state = 0\n",
    "q = np.abs(np.diagonal(L))\n",
    "times = [exp_rand(q[cur_state], eps), 0, 0, 0]\n",
    "cur_time = times[cur_state]\n",
    "\n",
    "while (cur_time <= T_max):\n",
    "    cur_state = get_state(cur_state, P)\n",
    "    time_in_state = exp_rand(q[cur_state], eps)\n",
    "    times[cur_state] += time_in_state\n",
    "    cur_time += time_in_state\n",
    "    #print(cur_time)\n",
    "print(\"\\nState's time: \", times, '\\nSummary time: ', sum(times))\n",
    "ans = [item/sum(times) for item in times]\n",
    "print('\\nStationary distribution: ', ans)"
   ]
  }
 ],
 "metadata": {
  "kernelspec": {
   "display_name": "Python 3",
   "language": "python",
   "name": "python3"
  },
  "language_info": {
   "codemirror_mode": {
    "name": "ipython",
    "version": 3
   },
   "file_extension": ".py",
   "mimetype": "text/x-python",
   "name": "python",
   "nbconvert_exporter": "python",
   "pygments_lexer": "ipython3",
   "version": "3.8.5"
  }
 },
 "nbformat": 4,
 "nbformat_minor": 4
}
